0 0.351791 0.719642 1.06369 1.34666 1.53787 1.61662 1.57436 1.41568 1.15778 0.828586 0.463789 0.102917 -0.214926 -0.455295 -0.592143 -0.610641 -0.508783 -0.297608 -2.22045e-16 
0 0.418509 0.702031 0.975479 1.20262 1.35286 1.41797 1.38304 1.25183 1.03858 0.766394 0.464765 0.16638 -0.0964254 -0.295173 -0.41762 -0.45197 -0.405003 -0.30398 0 
0 0.417396 0.666085 0.894753 1.08013 1.20196 1.25585 1.22543 1.11618 0.939504 0.713969 0.463904 0.215544 -0.00558572 -0.17466 -0.286294 -0.333109 -0.319049 -0.259411 0 
0 0.394657 0.618737 0.817009 0.973662 1.07525 1.12062 1.09479 1.00365 0.856806 0.669297 0.46088 0.252529 0.0647411 -0.0820626 -0.184803 -0.23783 -0.242163 -0.205591 0 
0 0.365097 0.567978 0.743357 0.879307 0.966545 1.00628 0.985296 0.909516 0.787199 0.630659 0.455942 0.27991 0.119157 -0.00967784 -0.104208 -0.159499 -0.174821 -0.15422 0 
0 0.33436 0.518176 0.675001 0.795209 0.872144 0.908441 0.892413 0.82986 0.72791 0.596752 0.449511 0.299858 0.161339 0.0475108 -0.0393006 -0.0946802 -0.117065 -0.108583 0 
0 0.304784 0.471385 0.612547 0.720249 0.789595 0.823896 0.812738 0.761633 0.676746 0.566574 0.441944 0.31404 0.194016 0.0929001 0.0132295 -0.0410936 -0.0682229 -0.0692525 0 
0 0.277322 0.428437 0.556095 0.653538 0.717112 0.750288 0.74372 0.702528 0.632026 0.53935 0.43349 0.323677 0.219164 0.12889 0.0557051 0.00302048 -0.0273365 -0.0358933 0 
0 0.254821 0.391141 0.504455 0.590854 0.656974 0.686803 0.683966 0.650963 0.592053 0.513712 0.422965 0.327846 0.235991 0.154115 0.0878864 0.0376902 0.00492477 -0.010195 0 
0 0.233039 0.356783 0.45903 0.538275 0.60138 0.630617 0.631307 0.605244 0.55656 0.490066 0.412174 0.329499 0.248501 0.174821 0.113283 0.0649916 0.0310314 0.0116596 0 
0 0.212989 0.325752 0.418991 0.492167 0.551712 0.580758 0.584544 0.564568 0.524503 0.468168 0.401168 0.329075 0.257392 0.19092 0.133221 0.0865912 0.0520871 0.0297154 0 
0 0.194825 0.297976 0.383542 0.451382 0.50758 0.536455 0.542886 0.528129 0.495356 0.447696 0.389943 0.326864 0.26315 0.202925 0.148569 0.103522 0.0688831 0.0443447 0 
0 0.178479 0.273192 0.352111 0.415228 0.468363 0.497017 0.505657 0.495311 0.468704 0.428416 0.378517 0.323118 0.266231 0.211416 0.160048 0.11656 0.0820642 0.0559531 0 
0 0.163826 0.251101 0.324209 0.38313 0.433461 0.461823 0.472268 0.465618 0.444208 0.410166 0.366939 0.318092 0.267064 0.216949 0.168293 0.12635 0.0921865 0.0649402 0 
0 0.150724 0.23141 0.299396 0.354573 0.402325 0.430319 0.44221 0.438632 0.421589 0.392833 0.355278 0.312031 0.266048 0.22003 0.173863 0.133444 0.099742 0.0716973 0 
0 0.139025 0.213844 0.277275 0.329095 0.374464 0.402017 0.415039 0.414 0.400619 0.376334 0.343608 0.305162 0.263538 0.221107 0.177242 0.138317 0.105166 0.0765968 0 
0 0.128579 0.198148 0.257496 0.306287 0.349445 0.376491 0.390374 0.391422 0.381107 0.360606 0.332001 0.297682 0.25984 0.220567 0.178841 0.141369 0.108837 0.0799768 0 
0 0.119243 0.184091 0.239751 0.285793 0.326894 0.353376 0.367889 0.370641 0.362891 0.345595 0.320515 0.289758 0.255211 0.218732 0.179002 0.142938 0.11108 0.0821303 0 
0 0.110881 0.171469 0.223779 0.267309 0.306488 0.332359 0.347308 0.351442 0.345834 0.331257 0.309199 0.281525 0.249864 0.215871 0.178008 0.143305 0.112167 0.0833023 0 
0 0.104097 0.159347 0.20683 0.254021 0.289034 0.314285 0.32921 0.334479 0.330202 0.317583 0.297898 0.272412 0.242968 0.210834 0.177372 0.139587 0.107264 0.0788244 0 
0 0.0973142 0.149092 0.193588 0.239291 0.272983 0.297235 0.312595 0.318393 0.315415 0.304515 0.286843 0.26366 0.235985 0.205739 0.173641 0.136122 0.104067 0.0759836 0 
0 0.0912087 0.13989 0.18189 0.225491 0.257897 0.281472 0.296892 0.303297 0.301408 0.292033 0.276143 0.254832 0.228873 0.200154 0.169238 0.132637 0.101276 0.0738096 0 
0 0.0856869 0.131553 0.171267 0.212752 0.243868 0.266786 0.282149 0.289054 0.28812 0.280063 0.26572 0.246027 0.221631 0.19432 0.164598 0.129096 0.0986148 0.0718772 0 
0 0.0806539 0.123943 0.161537 0.200996 0.230844 0.253088 0.268311 0.275601 0.275478 0.268558 0.255565 0.237311 0.214344 0.188369 0.159847 0.125505 0.09598 0.0700125 0 
0 0.0760414 0.116959 0.152584 0.190127 0.218744 0.240296 0.255314 0.262882 0.263435 0.257495 0.24569 0.228729 0.207083 0.182379 0.155039 0.121875 0.0933324 0.06815 0 
0 0.0717972 0.110524 0.144317 0.180052 0.20748 0.228333 0.243091 0.250845 0.251954 0.246859 0.236105 0.220315 0.199894 0.176398 0.150209 0.11822 0.0906622 0.0662692 0 
0 0.0678793 0.104575 0.136659 0.170692 0.196975 0.217126 0.231581 0.239443 0.241005 0.236639 0.226819 0.212094 0.192811 0.17046 0.145384 0.114555 0.0879726 0.0643672 0 
0 0.0642519 0.0990589 0.129547 0.161974 0.187158 0.20661 0.220729 0.228633 0.230561 0.226825 0.217837 0.204083 0.185859 0.16459 0.140585 0.110895 0.0852723 0.0624493 0 
0 0.0608849 0.093931 0.122924 0.153836 0.177965 0.196725 0.210484 0.218377 0.220597 0.217405 0.20916 0.196293 0.179055 0.158809 0.135831 0.107254 0.0825721 0.060523 0 
0 0.0577517 0.0891524 0.116744 0.146224 0.16934 0.187421 0.200801 0.20864 0.211088 0.208367 0.200787 0.18873 0.172411 0.153132 0.131139 0.103646 0.0798827 0.0585968 0 
0 0.0548296 0.0846896 0.110964 0.13909 0.161235 0.178649 0.191639 0.199388 0.202013 0.199697 0.192715 0.181401 0.165939 0.147573 0.126521 0.100082 0.0772144 0.056679 0 
0 0.0520985 0.080513 0.105547 0.132392 0.153607 0.170368 0.182962 0.190591 0.193349 0.191384 0.184937 0.174306 0.159643 0.142141 0.12199 0.096574 0.0745764 0.054777 0 
0 0.0484786 0.0733911 0.102481 0.12641 0.146459 0.163045 0.175059 0.18245 0.185272 0.183539 0.17744 0.167372 0.153642 0.13637 0.116997 0.0954735 0.0684762 0.0473335 0 
0 0.0452281 0.0688022 0.097801 0.120272 0.14011 0.155863 0.167405 0.174653 0.177462 0.175929 0.170241 0.160631 0.147564 0.131375 0.112078 0.0913882 0.0642913 0.0429405 0 
0 0.0426034 0.0649759 0.0929702 0.114487 0.133849 0.148925 0.160127 0.167148 0.169951 0.168601 0.163266 0.154193 0.14166 0.126193 0.107272 0.0870321 0.0607532 0.0400499 0 
0 0.0403324 0.0615591 0.088379 0.109014 0.127752 0.142268 0.153142 0.159949 0.162746 0.161564 0.156547 0.147946 0.135901 0.12099 0.102595 0.0829272 0.0576418 0.0378052 0 
0 0.0382761 0.0584369 0.0840684 0.103838 0.121896 0.135889 0.146432 0.153048 0.155837 0.154802 0.150069 0.141873 0.130289 0.115898 0.0981019 0.079102 0.0548401 0.0358852 0 
0 0.0363772 0.0555464 0.0800202 0.0989439 0.116306 0.129789 0.139996 0.146433 0.149204 0.148298 0.14382 0.135986 0.124847 0.110974 0.0938123 0.0755214 0.0522694 0.0341636 0 
0 0.0346066 0.0528486 0.0762104 0.0943151 0.110984 0.123964 0.133834 0.140091 0.142835 0.142038 0.137792 0.130296 0.11959 0.106238 0.0897237 0.0721515 0.0498797 0.0325819 0 
0 0.0329467 0.0503178 0.0726173 0.0899332 0.105922 0.118408 0.127937 0.134013 0.136718 0.136016 0.131984 0.124809 0.114529 0.101694 0.0858267 0.068966 0.0476389 0.0311084 0 
0 0.0313848 0.0479356 0.0692228 0.0857812 0.101107 0.113108 0.122299 0.128187 0.130845 0.130224 0.126394 0.119527 0.109663 0.0973395 0.08211 0.065945 0.0455254 0.0297239 0 
0 0.0299114 0.0456877 0.066011 0.0818433 0.0965281 0.108054 0.116909 0.122607 0.125209 0.124659 0.121018 0.114448 0.104991 0.0931691 0.0785627 0.0630731 0.0435238 0.0284158 0 
0 0.0285187 0.0435624 0.0629681 0.0781053 0.0921708 0.103235 0.111757 0.117263 0.119803 0.119315 0.115852 0.10957 0.100508 0.0891757 0.0751749 0.060338 0.0416229 0.0271753 0 
0 0.0272004 0.0415501 0.0600822 0.0745543 0.088023 0.0986376 0.106833 0.112147 0.11462 0.114186 0.110893 0.104888 0.0962098 0.085352 0.0719375 0.0577297 0.0398138 0.0259957 0 
0 0.0221147 0.0413544 0.0565846 0.0714973 0.0838828 0.0942458 0.101993 0.107125 0.109486 0.109084 0.105958 0.100186 0.0919834 0.0814045 0.0690434 0.0544304 0.0396549 0.0211683 0 
0 0.0201333 0.0382358 0.0545356 0.0679959 0.0801794 0.0899375 0.097423 0.102315 0.104599 0.104228 0.101241 0.0957564 0.0878543 0.077888 0.0657431 0.0525208 0.0367218 0.0193019 0 
0 0.0185566 0.0361475 0.0514387 0.0651328 0.0763977 0.0858931 0.0929839 0.0977041 0.09989 0.0995487 0.096715 0.0914511 0.0839723 0.0742926 0.0630442 0.0496079 0.0347648 0.017819 0 
0 0.0174919 0.0338802 0.048986 0.0618392 0.0730332 0.0819187 0.0887888 0.093276 0.0953923 0.0950784 0.0923679 0.0873789 0.080156 0.071091 0.0599317 0.0473041 0.0326346 0.0168216 0 
0 0.0163991 0.0321543 0.0463086 0.0590006 0.0695213 0.0782418 0.0847129 0.0890546 0.0910726 0.0907846 0.0882193 0.0834185 0.0766177 0.0677424 0.0572445 0.0447796 0.0310142 0.0157948 0 
0 0.0155505 0.0303321 0.0440787 0.0560154 0.0663584 0.0745776 0.0808888 0.0849947 0.0869536 0.0866887 0.0842286 0.0796981 0.0730896 0.0647219 0.0544134 0.0426764 0.0292987 0.0149984 0 
0 0.0146717 0.0288333 0.041759 0.0533947 0.0631446 0.0711875 0.0771489 0.0811438 0.0830013 0.0827585 0.0804389 0.0760571 0.0698185 0.0616478 0.0519231 0.0404822 0.0278867 0.014171 0 
0 0.0139413 0.0272882 0.0397562 0.0507228 0.0602307 0.0678286 0.0736447 0.0774256 0.0792385 0.0790148 0.0767797 0.0726409 0.0665756 0.0588558 0.0493801 0.0385857 0.0264277 0.0134831 0 
0 0.0131956 0.0259612 0.0377199 0.0483379 0.0573157 0.0647181 0.0702206 0.0739058 0.0756258 0.0754213 0.0733116 0.0693012 0.0635666 0.0560589 0.0471056 0.036653 0.0251727 0.0127788 0 
0 0.0125511 0.0246173 0.0359192 0.0459463 0.054654 0.0616556 0.0670127 0.0705048 0.0721864 0.0719979 0.069961 0.066168 0.0606024 0.0535004 0.0448217 0.0349413 0.0238992 0.0121695 0 
0 0.0119021 0.0234319 0.0341148 0.043784 0.0520178 0.058813 0.0638867 0.067287 0.0688841 0.0687121 0.0667869 0.0631137 0.0578458 0.0509636 0.0427523 0.0332227 0.0227738 0.0115545 0 
0 0.011286 0.0222189 0.0323487 0.0415174 0.049325 0.0557684 0.0605795 0.0638037 0.0653182 0.0651551 0.0633295 0.0598465 0.0548513 0.0483254 0.0405391 0.0315029 0.0215949 0.0109563 0 
0 0.0107017 0.0210687 0.0306741 0.0393681 0.0467716 0.0528814 0.0574434 0.0605008 0.0619368 0.0617822 0.0600511 0.0567484 0.0520118 0.0458237 0.0384405 0.029872 0.020477 0.0103891 0 
0 0.0101477 0.019978 0.0290862 0.0373302 0.0443503 0.0501439 0.0544697 0.0573688 0.0587305 0.0585839 0.0569425 0.0538107 0.0493193 0.0434515 0.0364506 0.0283256 0.019417 0.00985132 0 
0 0.00962241 0.0189438 0.0275805 0.0353977 0.0420544 0.047548 0.05165 0.054399 0.0556902 0.0555511 0.0539947 0.051025 0.0467662 0.0412022 0.0345636 0.0268593 0.0184118 0.00934134 0 
0 0.00912428 0.0179631 0.0261527 0.0335652 0.0398774 0.0450866 0.0489762 0.0515829 0.0528073 0.0526754 0.0511995 0.0483836 0.0443452 0.0390692 0.0327744 0.0254689 0.0174587 0.00885777 0 
0 0.00865194 0.0170332 0.0247989 0.0318276 0.037813 0.0427526 0.0464408 0.0489126 0.0500736 0.0499485 0.0485491 0.0458789 0.0420496 0.0370467 0.0310777 0.0241504 0.0165549 0.00839922 0 
0 0.00820405 0.0161515 0.0235151 0.03018 0.0358556 0.0405394 0.0440367 0.0463805 0.0474814 0.0473628 0.0460358 0.0435039 0.0398728 0.0351289 0.0294689 0.0229002 0.0156979 0.00796442 0 
0 0.00777935 0.0153153 0.0222978 0.0286177 0.0339994 0.0384408 0.041757 0.0439795 0.0450234 0.044911 0.0436526 0.0412518 0.0378087 0.0333104 0.0279434 0.0217147 0.0148852 0.00755212 0 
0 0.00737663 0.0145225 0.0211435 0.0271362 0.0322393 0.0364508 0.0395954 0.0417028 0.0426927 0.0425861 0.0413929 0.0391163 0.0358514 0.031586 0.0264968 0.0205906 0.0141147 0.00716117 0 
0 0.00699476 0.0137707 0.0200489 0.0257314 0.0305704 0.0345638 0.0375456 0.039544 0.0404826 0.0403815 0.0392501 0.0370913 0.0339955 0.0299509 0.0251251 0.0195247 0.013384 0.00679045 0 
0 0.00663266 0.0130578 0.0190111 0.0243994 0.0289878 0.0327746 0.035602 0.0374969 0.0383869 0.038291 0.0372182 0.0351712 0.0322356 0.0284004 0.0238245 0.0185139 0.0126911 0.00643893 0 
0 0.00628931 0.0123819 0.0180269 0.0231363 0.0274872 0.0310779 0.033759 0.0355558 0.0363997 0.0363088 0.0352915 0.0333505 0.0305669 0.0269302 0.0225911 0.0175555 0.0120341 0.0061056 0 
0 0.00596373 0.0117409 0.0170937 0.0219386 0.0260643 0.0294691 0.0320114 0.0337151 0.0345154 0.0344292 0.0334645 0.031624 0.0289845 0.0255361 0.0214217 0.0166467 0.0114112 0.00578953 0 
0 0.005655 0.0111331 0.0162088 0.0208029 0.024715 0.0279435 0.0303542 0.0319698 0.0327286 0.0326469 0.0317322 0.0299869 0.027484 0.0242141 0.0203127 0.015785 0.0108204 0.00548982 0 
0 0.00536226 0.0105568 0.0153697 0.019726 0.0234356 0.026497 0.0287829 0.0303148 0.0310343 0.0309568 0.0300895 0.0284346 0.0260613 0.0229606 0.0192612 0.0149678 0.0102603 0.00520563 0 
0 0.00508467 0.0100103 0.0145741 0.0187048 0.0222224 0.0251253 0.0272928 0.0287455 0.0294278 0.0293543 0.0285318 0.0269626 0.0247121 0.021772 0.0182641 0.014193 0.00972914 0.00493615 0 
0 0.00482145 0.00949206 0.0138196 0.0177365 0.021072 0.0238246 0.02588 0.0272574 0.0279044 0.0278347 0.0270548 0.0255668 0.0234329 0.0206449 0.0173186 0.0134582 0.00922549 0.00468061 0 
0 0.00457185 0.00900068 0.0131042 0.0168183 0.0199811 0.0225913 0.0245402 0.0258463 0.0264598 0.0263938 0.0256543 0.0242433 0.0222198 0.0195762 0.0164221 0.0127615 0.00874791 0.00443831 0 
0 0.00433518 0.00853474 0.0124258 0.0159477 0.0189468 0.0214218 0.0232698 0.0245083 0.0250901 0.0250274 0.0243262 0.0229883 0.0210695 0.0185628 0.0155719 0.0121009 0.00829505 0.00420855 0 
0 0.00411076 0.00809292 0.0117826 0.0151221 0.0179659 0.0203128 0.0220652 0.0232396 0.0237912 0.0237318 0.0230669 0.0217982 0.0199788 0.0176018 0.0147658 0.0114745 0.00786564 0.00399069 0 
0 0.00389795 0.00767397 0.0111726 0.0143393 0.0170359 0.0192613 0.020923 0.0220366 0.0225596 0.0225033 0.0218728 0.0206698 0.0189446 0.0166906 0.0140014 0.0108805 0.00745846 0.0037841 0 
0 0.00369617 0.00727671 0.0105942 0.013597 0.016154 0.0182642 0.0198398 0.0208958 0.0213918 0.0213384 0.0207405 0.0195998 0.0179639 0.0158266 0.0132766 0.0103172 0.00707235 0.0035882 0 
0 0.00350483 0.00690001 0.0100458 0.0128931 0.0153177 0.0173187 0.0188128 0.0198141 0.0202844 0.0202337 0.0196668 0.0185851 0.0170339 0.0150073 0.0125893 0.00978312 0.00670623 0.00340245 0 
0 0.00332339 0.00654281 0.00952576 0.0122257 0.0145248 0.0164222 0.0178389 0.0187883 0.0192343 0.0191863 0.0186487 0.017623 0.0161521 0.0142304 0.0119376 0.00927667 0.00635907 0.00322632 0 
0 0.00315135 0.00620411 0.00903264 0.0115928 0.0137729 0.015572 0.0169154 0.0178157 0.0182386 0.0181931 0.0176833 0.0167107 0.015316 0.0134937 0.0113196 0.00879644 0.00602988 0.0030593 0 
0 0.00298821 0.00588294 0.00856504 0.0109926 0.0130599 0.0147659 0.0160398 0.0168934 0.0172944 0.0172512 0.0167679 0.0158457 0.0145231 0.0127952 0.0107336 0.00834107 0.00571773 0.00290093 0 
0 0.00283352 0.00557839 0.00812165 0.0104236 0.0123838 0.0140015 0.0152094 0.0160189 0.0163991 0.0163582 0.0158999 0.0150254 0.0137713 0.0121328 0.010178 0.00790928 0.00542173 0.00275075 0 
0 0.00268683 0.00528962 0.00770122 0.00988398 0.0117427 0.0132767 0.0144221 0.0151897 0.0155502 0.0155114 0.0150768 0.0142476 0.0130584 0.0115047 0.00965109 0.00749984 0.00514107 0.00260835 0 
0 0.00254774 0.00501579 0.00730254 0.00937231 0.0111348 0.0125894 0.0136755 0.0144033 0.0147452 0.0147084 0.0142963 0.01351 0.0123824 0.0109092 0.00915148 0.00711159 0.00487493 0.00247333 0 
0 0.00241585 0.00475613 0.00692451 0.00888713 0.0105584 0.0119377 0.0129675 0.0136577 0.0139819 0.013947 0.0135562 0.0128106 0.0117414 0.0103444 0.00867773 0.00674344 0.00462256 0.00234529 0 
0 0.00229079 0.00450992 0.00656605 0.00842707 0.0100118 0.0113197 0.0122962 0.0129507 0.0132581 0.013225 0.0128544 0.0121474 0.0111335 0.00980893 0.00822851 0.00639435 0.00438327 0.00222388 0 
0 0.0021722 0.00427645 0.00622614 0.00799082 0.00949355 0.0107337 0.0116597 0.0122803 0.0125717 0.0125404 0.012189 0.0115186 0.0105572 0.00930115 0.00780254 0.00606333 0.00415636 0.00210875 0 
0 0.00205975 0.00405507 0.00590383 0.00757716 0.00900209 0.010178 0.0110561 0.0116445 0.0119209 0.0118912 0.011558 0.0109223 0.0100107 0.00881965 0.00739862 0.00574945 0.00394119 0.00199959 0 
0 0.00195313 0.00384515 0.0055982 0.00718491 0.00853608 0.00965115 0.0104838 0.0110417 0.0113038 0.0112756 0.0109597 0.0103569 0.00949245 0.00836308 0.00701561 0.00545181 0.00373717 0.00189608 0 
0 0.00185202 0.0036461 0.0053084 0.00681296 0.00809418 0.00915154 0.00994103 0.0104701 0.0107187 0.0106919 0.0103923 0.00982075 0.00900105 0.00793015 0.00665243 0.00516959 0.0035437 0.00179792 0 
0 0.00175614 0.00345735 0.0050336 0.00646027 0.00767517 0.00867779 0.00942641 0.00992812 0.0101638 0.0101384 0.00985433 0.00931235 0.00853509 0.00751962 0.00630806 0.00490197 0.00336025 0.00170485 0 
0 0.00166523 0.00327837 0.00477302 0.00612584 0.00727785 0.00822856 0.00893843 0.00941417 0.00963762 0.00961356 0.0093442 0.00883028 0.00809325 0.00713035 0.0059815 0.00464821 0.0031863 0.00161659 0 
0 0 0 0 0 0 0 0 0 0 0 0 0 0 0 0 0 0 0 0 
0 0 0 0 0 0 0 0 0 0 0 0 0 0 0 0 0 0 0 0 
0 0 0 0 0 0 0 0 0 0 0 0 0 0 0 0 0 0 0 0 
0 0 0 0 0 0 0 0 0 0 0 0 0 0 0 0 0 0 0 0 
0 0 0 0 0 0 0 0 0 0 0 0 0 0 0 0 0 0 0 0 
0 0 0 0 0 0 0 0 0 0 0 0 0 0 0 0 0 0 0 0 
0 0 0 0 0 0 0 0 0 0 0 0 0 0 0 0 0 0 0 0 
0 0 0 0 0 0 0 0 0 0 0 0 0 0 0 0 0 0 0 0 
0 0 0 0 0 0 0 0 0 0 0 0 0 0 0 0 0 0 0 0 
