0 0.351791 0.719642 1.06369 1.34666 1.53787 1.61662 1.57436 1.41568 1.15778 0.828586 0.463789 0.102917 -0.214926 -0.455295 -0.592143 -0.610641 -0.508783 -0.297608 -2.22045e-16 
0 0.43077 0.708284 0.98384 1.28926 1.39219 1.43492 1.40718 1.28877 1.08304 0.755573 0.383793 0.17247 -0.119148 -0.270279 -0.421589 -0.464167 -0.389117 -0.289125 0 
0 0.446739 0.690072 0.926004 1.19755 1.27314 1.30012 1.27397 1.17482 0.998138 0.701249 0.372904 0.207809 -0.0307389 -0.150754 -0.288478 -0.341629 -0.303804 -0.240952 0 
0 0.438915 0.662127 0.870811 1.10714 1.16878 1.18814 1.1628 1.07588 0.921535 0.660345 0.376538 0.238539 0.0398141 -0.0612777 -0.184467 -0.2418 -0.230969 -0.188853 0 
0 0.42095 0.627971 0.815845 1.02358 1.07615 1.09134 1.06762 0.990791 0.855733 0.628107 0.383272 0.26552 0.0963821 0.00909146 -0.101699 -0.16027 -0.168151 -0.141091 0 
0 0.398569 0.590961 0.76193 0.947258 0.993472 1.00636 0.985011 0.91743 0.799476 0.601592 0.389859 0.288301 0.142149 0.0656026 -0.0348817 -0.0933726 -0.114694 -0.0995271 0 
0 0.374581 0.553401 0.710134 0.877769 0.919393 0.931142 0.912649 0.853697 0.750955 0.578953 0.395212 0.306951 0.179283 0.111399 0.0195141 -0.0383313 -0.0697159 -0.0641871 0 
0 0.350501 0.516724 0.6612 0.814592 0.852839 0.864188 0.848778 0.797826 0.708576 0.558986 0.398984 0.321805 0.209349 0.148602 0.0639583 0.00698582 -0.0321631 -0.0345101 0 
0 0.327172 0.481757 0.615529 0.75721 0.792918 0.804321 0.792021 0.748401 0.671079 0.540893 0.401118 0.333277 0.233532 0.178761 0.100273 0.0442572 -0.000981736 -0.009779 0 
0 0.305053 0.44894 0.573266 0.70512 0.738865 0.75058 0.741283 0.704308 0.637503 0.524134 0.401679 0.341773 0.252773 0.203063 0.12986 0.0748303 0.0247907 0.0107162 0 
0 0.28437 0.418458 0.534387 0.657839 0.690017 0.70217 0.695682 0.664671 0.607118 0.508347 0.400788 0.347672 0.267835 0.222454 0.153833 0.099802 0.0459951 0.0276183 0 
0 0.265206 0.390342 0.498758 0.614907 0.645789 0.65842 0.654501 0.6288 0.579368 0.493286 0.398589 0.351313 0.279349 0.237703 0.173096 0.120074 0.06335 0.0414862 0 
0 0.247556 0.364525 0.466186 0.575894 0.605666 0.618761 0.617148 0.596142 0.553827 0.478786 0.395229 0.353004 0.287846 0.249446 0.188391 0.136392 0.0774621 0.0527961 0 
0 0.231364 0.340887 0.436445 0.540403 0.569193 0.582703 0.583131 0.566254 0.530162 0.464738 0.390857 0.353016 0.293776 0.258219 0.200337 0.149377 0.0888415 0.06195 0 
0 0.216544 0.319278 0.4093 0.50807 0.535965 0.549827 0.552037 0.538772 0.508115 0.451071 0.385613 0.351592 0.297523 0.264472 0.20945 0.159549 0.0979162 0.0692861 0 
0 0.202997 0.299536 0.384519 0.478564 0.505627 0.519768 0.523517 0.513396 0.487477 0.437741 0.379629 0.348947 0.299417 0.268588 0.216166 0.167345 0.105046 0.0750883 0 
0 0.190617 0.281498 0.361878 0.451589 0.477863 0.492207 0.497272 0.489877 0.468083 0.424719 0.373025 0.345271 0.299742 0.270896 0.220855 0.17313 0.110532 0.0795955 0 
0 0.1793 0.265007 0.341167 0.426877 0.452394 0.46687 0.473046 0.468004 0.449795 0.41199 0.365912 0.340731 0.298744 0.271675 0.22383 0.177218 0.114631 0.083009 0 
0 0.168945 0.249912 0.322193 0.404188 0.428973 0.443514 0.450618 0.447598 0.432501 0.399545 0.358389 0.335475 0.296634 0.271167 0.225358 0.179871 0.117558 0.0854985 0 
0 0.159461 0.236075 0.30478 0.383311 0.407383 0.421927 0.429796 0.428506 0.416106 0.387382 0.350542 0.329632 0.293595 0.269579 0.225668 0.181315 0.119495 0.087208 0 
0 0.150758 0.223371 0.288769 0.364057 0.387431 0.401924 0.410415 0.410598 0.40053 0.375498 0.342451 0.323314 0.289785 0.267089 0.224955 0.18174 0.120598 0.0882596 0 
0 0.14276 0.211684 0.274015 0.346256 0.368949 0.383342 0.392327 0.393758 0.385705 0.363894 0.334183 0.316619 0.285341 0.263849 0.223386 0.181311 0.120998 0.0887571 0 
0 0.135394 0.20091 0.26039 0.32976 0.351785 0.366038 0.375406 0.377889 0.371572 0.352572 0.325797 0.309633 0.280381 0.259993 0.221106 0.180167 0.12081 0.088789 0 
0 0.128597 0.190957 0.24778 0.314437 0.335808 0.349885 0.359539 0.362902 0.358079 0.341531 0.317346 0.302428 0.275007 0.255634 0.218238 0.178428 0.120129 0.088431 0 
0 0.122309 0.181741 0.236081 0.300171 0.320901 0.334771 0.344629 0.348722 0.345182 0.330772 0.308873 0.295069 0.269306 0.250869 0.214887 0.176197 0.119037 0.0877477 0 
0 0.116481 0.173189 0.225204 0.286858 0.30696 0.320598 0.330587 0.335281 0.332839 0.320296 0.300416 0.287611 0.263352 0.245783 0.211144 0.173562 0.117606 0.0867945 0 
0 0.111067 0.165234 0.215067 0.274405 0.293895 0.30728 0.317339 0.32252 0.321016 0.3101 0.292009 0.280099 0.257212 0.240448 0.207087 0.170598 0.115895 0.0856187 0 
0 0.106025 0.157818 0.205599 0.262733 0.281622 0.294739 0.304815 0.310386 0.309681 0.300185 0.283678 0.272573 0.250939 0.234926 0.202784 0.167372 0.113957 0.084261 0 
0 0.101319 0.15089 0.196736 0.251769 0.270072 0.282907 0.292955 0.298833 0.298804 0.290546 0.275446 0.265067 0.244582 0.229269 0.198291 0.163937 0.111837 0.0827561 0 
0 0.0969174 0.144402 0.188422 0.241448 0.259181 0.271723 0.281705 0.287818 0.28836 0.281182 0.267333 0.25761 0.23818 0.223522 0.193658 0.160342 0.109571 0.081134 0 
0 0.0927916 0.138314 0.180606 0.231716 0.248891 0.261134 0.271019 0.277303 0.278325 0.272089 0.259353 0.250226 0.231768 0.217725 0.188926 0.156627 0.107194 0.0794201 0 
0 0.0889161 0.13259 0.173245 0.22252 0.239153 0.251091 0.260852 0.267255 0.268678 0.263262 0.25152 0.242934 0.225375 0.211909 0.184132 0.152828 0.104732 0.0776364 0 
0 0.0852685 0.127197 0.166298 0.213817 0.229921 0.241552 0.251167 0.257643 0.259399 0.254699 0.243844 0.23575 0.219024 0.206103 0.179304 0.148973 0.102211 0.0758014 0 
0 0.0818287 0.122107 0.159731 0.205566 0.221156 0.232479 0.24193 0.24844 0.250469 0.246392 0.236333 0.228689 0.212735 0.200329 0.17447 0.145087 0.0996485 0.0739311 0 
0 0.078579 0.117294 0.153512 0.197732 0.212822 0.223837 0.23311 0.239621 0.241872 0.238339 0.228993 0.221761 0.206527 0.194608 0.169651 0.141193 0.0970636 0.0720391 0 
0 0.0755034 0.112735 0.147613 0.190283 0.204888 0.215595 0.224679 0.231164 0.233592 0.230532 0.221829 0.214974 0.200412 0.188954 0.164864 0.137308 0.0944705 0.0701368 0 
0 0.0725879 0.108409 0.142009 0.183191 0.197323 0.207726 0.216612 0.223047 0.225614 0.222968 0.214842 0.208336 0.194403 0.183382 0.160126 0.133447 0.0918816 0.068234 0 
0 0.0698199 0.1043 0.136678 0.176429 0.190104 0.200206 0.208886 0.215252 0.217926 0.215639 0.208036 0.201851 0.188507 0.177902 0.155449 0.129624 0.0893071 0.0663388 0 
0 0.0671881 0.10039 0.1316 0.169975 0.183205 0.193011 0.201481 0.207761 0.210515 0.20854 0.20141 0.195522 0.182733 0.172524 0.150843 0.125847 0.0867559 0.0644582 0 
0 0.0646823 0.0966646 0.126757 0.163808 0.176607 0.186121 0.194378 0.20056 0.203368 0.201666 0.194965 0.189353 0.177085 0.167254 0.146316 0.122126 0.084235 0.0625979 0 
0 0.0622936 0.0931113 0.122133 0.15791 0.170291 0.179518 0.187561 0.193633 0.196475 0.19501 0.1887 0.183344 0.171569 0.162097 0.141876 0.118469 0.0817506 0.0607625 0 
0 0.0600138 0.0897181 0.117713 0.152263 0.164239 0.173185 0.181012 0.186966 0.189825 0.188567 0.182613 0.177496 0.166186 0.157059 0.137527 0.11488 0.0793074 0.0589561 0 
0 0.0578355 0.0864743 0.113484 0.146853 0.158436 0.167107 0.174719 0.180548 0.183409 0.18233 0.176702 0.171809 0.160939 0.152141 0.133274 0.111365 0.0769094 0.0571817 0 
0 0.0557522 0.0833705 0.109435 0.141665 0.152867 0.161269 0.168668 0.174366 0.177217 0.176294 0.170965 0.166281 0.155829 0.147346 0.12912 0.107926 0.0745597 0.0554419 0 
0 0.0537578 0.0803978 0.105554 0.136686 0.14752 0.155659 0.162846 0.168411 0.171241 0.170453 0.165399 0.160912 0.150857 0.142675 0.125068 0.104566 0.0722607 0.0537387 0 
0 0.0518469 0.0775485 0.101831 0.131905 0.142382 0.150265 0.157243 0.162671 0.165472 0.164801 0.16 0.155698 0.146021 0.138128 0.121118 0.101288 0.0700143 0.0520735 0 
0 0.0500146 0.0748153 0.0982578 0.127311 0.137443 0.145077 0.151849 0.157138 0.159902 0.159334 0.154767 0.150639 0.141321 0.133706 0.117271 0.098092 0.0678218 0.0504476 0 
0 0.0482563 0.0721917 0.0948261 0.122895 0.132692 0.140083 0.146652 0.151803 0.154524 0.154044 0.149694 0.145731 0.136756 0.129407 0.113527 0.0949792 0.0656841 0.0488616 0 
0 0.0465681 0.0696717 0.0915282 0.118648 0.128121 0.135275 0.141646 0.146657 0.14933 0.148927 0.144779 0.140971 0.132323 0.125231 0.109887 0.0919498 0.0636017 0.0473161 0 
0 0.044946 0.0672499 0.0883572 0.114561 0.12372 0.130645 0.136821 0.141693 0.144315 0.143978 0.140017 0.136357 0.128022 0.121176 0.106349 0.0890035 0.0615747 0.0458113 0 
0 0.0433866 0.0649211 0.0853067 0.110626 0.119482 0.126183 0.132169 0.136903 0.13947 0.139191 0.135405 0.131885 0.12385 0.117241 0.102913 0.0861399 0.0596032 0.0443472 0 
0 0.0418868 0.0626806 0.0823709 0.106837 0.115399 0.121884 0.127683 0.132281 0.134791 0.134562 0.13094 0.127552 0.119804 0.113422 0.0995768 0.0833582 0.0576868 0.0429237 0 
0 0.0404436 0.0605243 0.0795443 0.103186 0.111464 0.117739 0.123356 0.12782 0.130271 0.130085 0.126616 0.123355 0.115882 0.109719 0.0963395 0.0806574 0.0558251 0.0415405 0 
0 0.0390543 0.0584481 0.0768218 0.0996679 0.107671 0.113742 0.119182 0.123513 0.125905 0.125755 0.122431 0.119291 0.112081 0.10613 0.0931991 0.0780364 0.0540173 0.0401972 0 
0 0.0377163 0.0564482 0.0741987 0.0962766 0.104014 0.109886 0.115154 0.119355 0.121686 0.121568 0.11838 0.115355 0.108398 0.10265 0.090154 0.0754938 0.0522628 0.0388931 0 
0 0.0364274 0.0545214 0.0716707 0.0930067 0.100487 0.106167 0.111267 0.115341 0.11761 0.11752 0.11446 0.111545 0.104831 0.099279 0.0872021 0.0730281 0.0505607 0.0376278 0 
0 0.0351852 0.0526642 0.0692335 0.089853 0.0970848 0.102579 0.107516 0.111464 0.113672 0.113605 0.110666 0.107856 0.101376 0.0960132 0.0843414 0.0706377 0.04891 0.0364005 0 
0 0.0339879 0.0508738 0.0668834 0.0868108 0.0938021 0.099116 0.103894 0.10772 0.109867 0.10982 0.106996 0.104287 0.0980308 0.0928503 0.0815698 0.0683212 0.0473097 0.0352105 0 
0 0.0328334 0.0491472 0.0646166 0.0838756 0.0906343 0.0957735 0.100397 0.104104 0.106191 0.106161 0.103445 0.100832 0.0947924 0.0897876 0.0788852 0.0660766 0.0457586 0.0340571 0 
0 0.03172 0.0474819 0.0624299 0.0810431 0.0875769 0.0925468 0.0970207 0.100611 0.102638 0.102623 0.10001 0.0974899 0.0916577 0.0868224 0.0762853 0.0639024 0.0442558 0.0329393 0 
0 0.030646 0.0458752 0.0603199 0.0783093 0.0846256 0.0894316 0.0937602 0.097237 0.0992046 0.0992019 0.0966876 0.094256 0.0886239 0.0839521 0.0737679 0.0617968 0.0427999 0.0318565 0 
0 0.0296097 0.044325 0.0582836 0.0756704 0.0817764 0.0864237 0.0906112 0.0939776 0.0958868 0.0958946 0.0934738 0.0911274 0.0856881 0.0811741 0.0713308 0.0597579 0.04139 0.0308076 0 
0 0.0286097 0.0428289 0.0563182 0.0731227 0.0790253 0.083519 0.0875698 0.0908287 0.0926806 0.0926972 0.0903656 0.0881009 0.0828474 0.0784857 0.0689718 0.0577841 0.0400247 0.0297919 0 
0 0.0276446 0.0413848 0.0544209 0.0706628 0.0763687 0.0807138 0.0846321 0.0877864 0.0895821 0.089606 0.0873596 0.0851735 0.080099 0.0758843 0.0666888 0.0558734 0.0387029 0.0288085 0 
0 0.0267129 0.0399908 0.0525891 0.0682874 0.0738032 0.0780044 0.0817942 0.0848469 0.0865876 0.0866176 0.0844525 0.0823421 0.0774401 0.0733674 0.0644795 0.0540242 0.0374234 0.0278565 0 
0 0.0258135 0.0386449 0.0508204 0.0659934 0.0713254 0.0753874 0.0790527 0.0820067 0.0836936 0.0837286 0.0816414 0.0796037 0.0748681 0.0709324 0.0623418 0.0522347 0.036185 0.0269351 0 
0 0.0249451 0.0373453 0.0491124 0.0637778 0.0689321 0.0728594 0.0764041 0.0792623 0.0808966 0.0809357 0.078923 0.0769554 0.0723803 0.0685769 0.0602735 0.0505032 0.0349865 0.0260433 0 
0 0.0241065 0.0360903 0.0474629 0.0616378 0.0666202 0.0704172 0.0738451 0.0766104 0.0781934 0.0782357 0.0762945 0.0743943 0.0699741 0.0662984 0.0582727 0.0488279 0.0338269 0.0251803 0 
0 0.0232967 0.0348782 0.0458697 0.0595705 0.0643868 0.0680578 0.0713726 0.0740477 0.0755807 0.0756257 0.0737529 0.0719177 0.0676469 0.0640946 0.0563372 0.0472071 0.0327049 0.0243454 0 
0 0.0225145 0.0337075 0.0443309 0.0575736 0.0622293 0.0657782 0.0689836 0.0715713 0.0730556 0.0731025 0.0712956 0.0695229 0.0653963 0.0619632 0.0544651 0.0456393 0.0316195 0.0235376 0 
0 0.021759 0.0325767 0.0428443 0.0556443 0.0601447 0.0635758 0.0666751 0.0691781 0.070615 0.0706634 0.0689196 0.0672073 0.0632198 0.0599019 0.0526544 0.0441228 0.0305694 0.0227561 0 
0 0.0210292 0.0314844 0.0414082 0.0537804 0.0581307 0.0614476 0.0644445 0.0668653 0.0682561 0.0683056 0.0666224 0.0649683 0.0611152 0.0579085 0.0509032 0.0426561 0.0295538 0.0220002 0 
0 0.0203242 0.0304291 0.0400208 0.0519795 0.0561847 0.0593913 0.0622889 0.0646301 0.0659762 0.0660263 0.0644015 0.0628035 0.05908 0.0559808 0.0492096 0.0412375 0.0285714 0.021269 0 
0 0.0196432 0.0294097 0.0386804 0.0502394 0.0543043 0.0574043 0.0602058 0.06247 0.0637725 0.063823 0.0622543 0.0607105 0.0571122 0.0541168 0.0475718 0.0398656 0.0276213 0.0205619 0 
0 0.0189852 0.0284247 0.0373853 0.048558 0.0524874 0.0554841 0.0581927 0.0603822 0.0616425 0.0616931 0.0601784 0.0586868 0.0552095 0.0523144 0.0459881 0.0385388 0.0267024 0.0198779 0 
0 0.0183494 0.027473 0.0361339 0.0469333 0.0507316 0.0536285 0.0562472 0.0583645 0.0595838 0.0596343 0.0581716 0.0567303 0.0533698 0.0505716 0.0444567 0.0372559 0.0258138 0.0192165 0 
0 0.0177351 0.0265534 0.0349247 0.0453633 0.0490348 0.0518353 0.054367 0.0564144 0.057594 0.057644 0.0562314 0.0548388 0.0515911 0.0488866 0.0429759 0.0360153 0.0249545 0.0185769 0 
0 0.0171416 0.0256648 0.0337562 0.0438461 0.0473951 0.0501023 0.0525499 0.0545296 0.0556706 0.0557202 0.0543558 0.0530102 0.0498714 0.0472574 0.0415441 0.0348157 0.0241236 0.0179584 0 
0 0.016568 0.0248062 0.0326271 0.04238 0.0458105 0.0484275 0.0507938 0.0527079 0.0538116 0.0538605 0.0525427 0.0512423 0.0482088 0.0456822 0.0401598 0.0336558 0.0233201 0.0173604 0 
0 0.0160138 0.0239764 0.0315359 0.040963 0.0442791 0.0468089 0.0490965 0.0509472 0.0520146 0.0520629 0.0507898 0.0495332 0.0466014 0.0441593 0.0388213 0.0325344 0.0225432 0.0167821 0 
0 0.0154782 0.0231746 0.0304814 0.0395937 0.0427991 0.0452446 0.0474561 0.0492454 0.0502778 0.0503252 0.0490954 0.047881 0.0450474 0.042687 0.0375272 0.0314501 0.0217921 0.0162229 0 
0 0.0149606 0.0223997 0.0294624 0.0382703 0.0413688 0.0437327 0.0458706 0.0476005 0.0485989 0.0486454 0.0474573 0.0462838 0.0435451 0.0412636 0.0362761 0.0304018 0.0210658 0.0156823 0 
0 0.0144604 0.0216509 0.0284775 0.0369913 0.0399864 0.0422715 0.0443382 0.0460107 0.0469762 0.0470218 0.0458738 0.0447397 0.0420927 0.0398875 0.0350666 0.0293883 0.0203637 0.0151596 0 
0 0.013977 0.0209272 0.0275257 0.0357552 0.0386503 0.0408592 0.0428571 0.044474 0.0454077 0.0454522 0.0443431 0.0432471 0.0406887 0.0385571 0.0338972 0.0284084 0.0196848 0.0146543 0 
0 0.0135099 0.0202277 0.0266058 0.0345605 0.0373589 0.0394942 0.0414256 0.0429888 0.0438916 0.0439351 0.0428634 0.0418041 0.0393313 0.0372711 0.0327668 0.0274611 0.0190285 0.0141657 0 
0 0.0130584 0.0195517 0.0257168 0.0334058 0.0361109 0.0381749 0.0400419 0.0415532 0.0424261 0.0424686 0.041433 0.0404092 0.0380192 0.0360278 0.0316739 0.0265453 0.018394 0.0136934 0 
0 0.012622 0.0188984 0.0248575 0.0322898 0.0349045 0.0368998 0.0387046 0.0401655 0.0410096 0.041051 0.0400503 0.0390609 0.0367507 0.0348259 0.0306174 0.0256599 0.0177806 0.0132368 0 
0 0.0122002 0.018267 0.024027 0.0312111 0.0337386 0.0356673 0.0374119 0.0388243 0.0396404 0.0396807 0.0387137 0.0377574 0.0355246 0.033664 0.029596 0.024804 0.0171875 0.0127953 0 
0 0.0117926 0.0176567 0.0232244 0.0301685 0.0326117 0.034476 0.0361625 0.0375279 0.0383169 0.0383561 0.0374217 0.0364974 0.0343392 0.0325408 0.0286086 0.0239766 0.0166142 0.0123685 0 
0 0.0113986 0.0170668 0.0224486 0.0291609 0.0315225 0.0333246 0.0349549 0.0362748 0.0370376 0.0370758 0.0361728 0.0352794 0.0331934 0.031455 0.0276542 0.0231767 0.01606 0.0119559 0 
0 0.0110179 0.0164967 0.0216987 0.0281869 0.0304697 0.0322117 0.0337876 0.0350636 0.0358011 0.0358382 0.0349655 0.034102 0.0320857 0.0304054 0.0267315 0.0224035 0.0155243 0.0115571 0 
0 0.0106498 0.0159457 0.020974 0.0272455 0.0294521 0.031136 0.0326593 0.0338928 0.0346058 0.0346418 0.0337985 0.0329639 0.031015 0.0293908 0.0258395 0.021656 0.0150063 0.0111715 0 
0 0.0102941 0.0154131 0.0202735 0.0263356 0.0284685 0.0300962 0.0315688 0.0327611 0.0334505 0.0334854 0.0326704 0.0318637 0.0299799 0.02841 0.0249773 0.0209334 0.0145056 0.0107988 0 
0 0.00995029 0.0148983 0.0195964 0.0254561 0.0275179 0.0290912 0.0305147 0.0316673 0.0323337 0.0323676 0.0315799 0.0308002 0.0289794 0.0274619 0.0241438 0.0202349 0.0140216 0.0104385 0 
0 0.00961797 0.0144008 0.0189419 0.024606 0.026599 0.0281198 0.0294958 0.03061 0.0312543 0.0312872 0.0305258 0.0297722 0.0280122 0.0265454 0.0233381 0.0195596 0.0135538 0.0100902 0 
0 0.00929676 0.0139198 0.0183094 0.0237844 0.0257108 0.0271809 0.0285109 0.029588 0.0302108 0.0302427 0.0295069 0.0287785 0.0270773 0.0256595 0.0225592 0.0189069 0.0131015 0.00975349 0 
0 0.00898629 0.013455 0.0176979 0.0229902 0.0248522 0.0262733 0.027559 0.0286001 0.0292022 0.0292332 0.028522 0.0278179 0.0261736 0.0248031 0.0218064 0.0182759 0.0126643 0.00942801 0 
0 0.0086862 0.0130057 0.017107 0.0222225 0.0240224 0.025396 0.0266388 0.0276453 0.0282273 0.0282573 0.0275699 0.0268894 0.0253 0.0239753 0.0210786 0.017666 0.0122416 0.00911338 0 
0 0.00839614 0.0125714 0.0165357 0.0214805 0.0232203 0.0245481 0.0257494 0.0267223 0.027285 0.027314 0.0266497 0.0259919 0.0244555 0.0231751 0.0203751 0.0170764 0.0118331 0.00880925 0 
0 0.00811578 0.0121516 0.0159836 0.0207632 0.022445 0.0237285 0.0248897 0.0258302 0.0263741 0.0264022 0.0257601 0.0251243 0.0236393 0.0224016 0.019695 0.0165065 0.0114382 0.00851525 0 
0 0.00784478 0.0117458 0.0154499 0.02007 0.0216956 0.0229362 0.0240587 0.0249678 0.0254936 0.0255208 0.0249002 0.0242856 0.0228502 0.0216538 0.0190377 0.0159556 0.0110564 0.00823105 0 
